1623441541258940417
1623441541917290498
1623441542013923330
1623441542932312065
1623441543360028672
1623441543825870848
1623441543821422592
1623441544983506945
1623441544949772290
1623441545541353472
1623441544723460099
1623441545436499972
1623441545977384960
1623441546455707648
1623441547168731140
1623441548561227777
1623441548502523905
1623441548548669441
1623441548913541122
1623441549001457667
1623441549660139520
1623441549613998080
1623441549932781568
1623441550398345216
1623441550196760577
1623441550335217665
1623441549693702144
1623441550524157954
1623441551056855040
1623441551899721729
1623441552772145152
1623441552642113537
1623441553896230915
1623441553845780480
1623441554194014208
1623441554600755202
1623441554533646338
1623441554567491584
1623441555804528642
1623441556504993792
1623441556672741377
1623441557650038784
1623441560426668032
1623441563442417665
1623441564809699328
1623441564834926592
1623441567951253506
1623441569444659200
1623441569951916032
1623441571860586496
1623441573856923648
1623441576818012161
1623441577883598850
1623441577933959169
1623441581276643328
1623441589501587460
1623441590546046976
1623441594170081280
1623441595344334848
1623441595533238272
1623441595650416643
1623441598486052864
1623441601745002500
1623441602164187137
1623441601979719681
1623441606543306752
1623441606249684993
1623441607709306882
1623441607922970625
1623441610498342915
1623441617289101314
1623441620094881794
1623441635265609731
1623441645109751809
1623441657520861185
1623441661362679808
1623441662646054914
1623441662910377986
1623441687887372289
1623441705281196032
1623441710968713217
1623441715175587840
1623441756116205569
1623441757688979458
1623441780808065024
1623441793441300480
1623441793822883842
1623441794531840001
1623441801679106048
1623441801809108992
1623441807517569025
1623441809069293570
1623441810361024512
1623441818523439104
1623441821849513986
1623441824638726147
1623441828845608961
1623441829621567488
1623441830208733186
1623441833631141889
1623441839494926336
1623441843340935171
1623441846608228352
1623441847581577216
1623441854170808321
1623441854766120960
1623441932063219713
1623441932948062208
1623441951000522755
1623441955530080256
1623441975562145792
1623441989457833984
1623441992196804608
1623441996185583616
1623442006243696640
1623442004867796992
1623442033057714178
1623442045858897922
1623442052775133184
1623442052951457792
1623442053068898306
1623442068705083395
1623442072509513728
1623442072765353984
1623442094101778432
1623442094135160834
1623442101659631616
1623442122555953154
1623442131544317953
1623442246623236098
1623442247076249600
1623442297164537859
1623442312314474497
1623442357210284033
1623442409618112512
1623442435647864835
1623442463900995585
1623442535434657793
1623442537359736833
1623442547883315202
1623442548927922181
1623442569722994688
1623442584558264320
1623442589880819713
1623442628682346499
1623442630485868544
1623442688648351745
1623442746383142915
1623442799051034626
1623442801688969219
1623442806055518208
1623442806055505920
1623442809310302208
1623442811264856065
1623442870949511169
1623442891329662977
1623442903363391491
1623443002201964548
1623443057797656577
1623443077737185280
1623443099044159491
1623443241281413122
1623443320197505024
1623443334420398081
1623443554914955267
1623443555841605634
1623443556760424448
1623443557519355907
1623443807348969473
1623443806904365057
1623443826303008769
1623443833655631874
1623443847006003201
1623443856527163393
1623444058264985602
1623444058747338754
1623444058621321216
1623444060068511746
1623444063180533763
1623444252213538817
1623444318366334979
1623444353652760576
1623444414256369666
1623444425971056640
1623444435999801346
1623444437392146432
1623444439917293568
1623444443058831360
1623444457138921473
1623444517104889857
1623444557601054720
1623444574327676928
1623444615310499841
1623444675859296256
1623444815789821952
1623444816787869700
1623444828775120896
1623444831312949248
1623444887952556034
1623444908328599554
1623444913932099585
1623444943069933568
1623445014645821443
1623445076188835840
1623445132832915456
1623445150918934528
1623445316933492738
1623445316753293313
1623445318460395520
1623445319265529856
1623445319529947137
1623445320272338944
1623445320972763136
1623445321304137728
1623445322944098305
1623445330972004353
1623445363808952320
1623445385745416194
1623445450404802560
1623445463889240064
1623445537486692354
1623445615744000000
1623445756417028096
1623445768911695872
1623445778172878850
1623445819356549120
1623445821873348608
1623445822955192322
1623445878487875584
1623445915997548547
1623446075351904257
1623446075699867649
1623446075402240000
1623446075792039938
1623446076387905537
1623446085468565505
1623446093907300352
1623446190334398464
1623446264170926082
1623446315433701381
1623446323847659520
1623446324979933184
1623446326985003008
1623446329652547584
1623446366004412416
1623446367770116096
1623446401093931012
1623446537043906561
1623446577523359744
1623446577854689281
1623446578534158336
1623446579465326593
1623446579779899395
1623446579867779072
1623446599576981505
1623446601271312384
1623446610226159616
1623446617712910336
1623446635228323842
1623446640924442624
1623446684033228800
1623446725896843265
1623446788945453056
1623447078918668290
1623447080080400384
1623447080378241024
1623447119569776640
1623447135541776386
1623447147281612801
1623447229196546049
1623447249031434240
1623447331298476035
1623447331873132545
1623447333584404480
1623447333760385025
1623447333777317889
1623447335412932611
1623447335974871040
1623447337212280832
1623447357034491904
1623447363963523072
1623447463918022658
1623447552568827905
1623447552858411008
1623447552518668289
1623447582050746369
1623447583619432448
1623447585741479938
1623447586731626497
1623447652942680066
1623447684316266496
1623447684899037184
1623447691559833601
1623447709754527744
1623447739882426369
1623447834862186497
1623447836858675200
1623447837357883394
1623447837836210176
1623447839127793665
1623447839362654210
1623447841485074432
1623447860074237952
1623447870992175104
1623447897424465921
1623447991368531969
1623448087539712004
1623448093042540544
1623448116304175106
1623448130229514240
1623448154698833920
1623448202178621440
1623448226438479873
1623448337734148096
1623448338820366342
1623448340275908608
1623448344151351297
1623448354666557442
1623448387482800130
1623448390096007172
1623448508312457218
1623448591963684864
1623448592538009602
1623448592538275843
1623448649681489922
1623448811686223874
1623448838924107777
1623448840627159043
1623448842006847491
1623448842720124928
1623448845672919041
1623448857584496641
1623448908612669442
1623448955244666880
1623449092620955648
1623449093434638336
1623449093048500227
1623449095078649860
1623449095628025861
1623449095338590211
1623449096525688834
1623449096831787008
1623449098404913155
1623449098983546880
1623449098937421828
1623449098991939585
1623449099444838400
1623449099998728194
1623449100883484673
1623449101621755906
1623449102146211841
1623449103064784897
1623449102959919105
1623449102930550784
1623449108156383233
1623449111570653185
1623449118294122497
1623449120055902208
1623449122270507009
1623449123289501697
1623449124208009216
1623449144244293634
1623449189693767682
1623449238515359744
1623449278709391365
1623449289619042305
1623449299144278016
1623449307155206146
1623449324779880449
1623449345692688384
1623449346455793664
1623449352181104644
1623449359139348481
1623449379381317633
1623449380312469504
1623449400143122432
1623449431327506435
1623449511577243648
1623449597023514625
1623449598860709891
1623449603181002753
1623449608364982274
1623449619014496256
1623449618930618372
1623449649486139392
1623449672441561088
1623449681425571842
1623449774237052928
1623449779740237824
1623449852775485443
1623449853975044099
1623449867132497922
1623449889509191686
1623449892164100096
1623449896199102466
1623449925911552000
1623449928893603843
1623449931313975296
1623449955275874305
1623449972338307075
1623450001820057601
1623450012796452864
1623450016160309253
1623450100440637442
1623450100398804993
1623450101032292352
1623450104299667456
1623450104400150529
1623450136138358785
1623450146833940483
1623450237523066880
1623450311061913601
1623450352006594562
1623450353176915968
1623450353323606016
1623450353541984257
1623450364539203584
1623450382038077440
1623450411880292352
1623450559595388928
1623450586950807552
1623450603346362368
1623450604109709312
1623450605925826560
1623450607699779584
1623450608798937090
1623450615140728833
1623450637479419904
1623450678570979330
1623450727392718849
1623450772577951745
1623450854991994880
1623450855956684802
1623450856640094211
1623450857827340290
1623450859681230848
1623450860855361538
1623450861316849667
1623450901599105025
1623450906242023429
1623451013968527362
1623451021149147136
1623451105584726016
1623451107648307201
1623451107635920899
1623451109313376256
1623451110353604608
1623451112677249025
1623451347000369154
1623451361047347201
1623451360724418567
1623451361496154114
1623451361315545089
1623451364452966400
1623451518665117696
1623451609341591552
1623451610679590914
1623451610079801347
1623451612504289281
1623451612936290305
1623451613590429698
1623451614966083585
1623451617042522114
1623451617700859904
1623451622012764160
1623451659132104708
1623451674449780736
1623451730754117634
1623451805131722752
1623451861339582464
1623451864250347520
1623451864611098630
1623451865823473665
1623451866381291520
1623452067745366016
1623452113773727745
1623452117976649729
1623452120270663680
1623452265112641536
1623452272846942213
1623452363909644288
1623452364828180481
1623452365339906049
1623452366845386752
1623452366422052864
1623452368636612609
1623452563457691650
1623452615832117249
1623452620785598464
1623452664888496130
1623452711055159296
1623452865875304449
1623452868782194688
1623452869683716101
1623452871298809857
1623452874192584704
1623452880018472961
1623452880584998914
1623452881272569856
1623452889749364737
1623452901841707008
1623452902579896320
1623452931134525440
1623452933600776200
1623453119479795715
1623453121258336258
1623453122415788035
1623453125381062656
1623453267882647552
1623453290703818753
1623453295594307585
1623453335012474881
1623453370894917632
1623453371645693955
1623453377676906499
1623453376015998976
1623453380285693953
1623453393007132672
1623453394160476161
1623453406282100736
1623453424539906048
1623453625258483715
1623453625371484163
1623453626302885888
1623453627267391489
1623453627254808578
1623453637732143106
1623453795173769218
1623453833426001920
1623453845945995265
1623453847267201025
1623453849657946112
1623453848907182081
1623453855991361537
1623453877843402753
1623453877734617088
1623453880007946242
1623453880578367491
1623453917232369664
1623453929404248064
1623453939529285634
1623453943862005762
1623453948685467648
1623453950287683584
1623453951835373569
1623453956918722562
1623453964200210433
1623453972584603648
1623453975453507584
1623453978939002880
1623453986572611586
1623453989680422914
1623454003203051520
1623454003681177600
1623454004499079168
1623454006336167936
1623454010928955392
1623454014611554304
1623454016981331968
1623454019388841985
1623454028423385089
1623454030948347904
1623454031191613440
1623454031069986816
1623454034295394305
1623454034266050562
1623454034924564480
1623454036791005185
1623454038284193793
1623454050158247936
1623454052515446784
1623454053287227392
1623454061482893312
1623454061491290112
1623454068730642433
1623454072182554624
1623454072576827392
1623454078113308672
1623454078520160256
1623454078713102338
1623454079216406528
1623454081644900352
1623454082890620929
1623454093577719811
1623454097314811905
1623454097725886464
1623454100884193283
1623454107238543360
1623454108240973826
1623454108740108290
1623454111936155649
1623454111952949248
1623454114763137024
1623454118735134721
1623454119326539777
1623454121977323520
1623454123613110272
1623454124112248832
1623454124368084993
1623454127140507648
1623454126788218881
1623454128025538562
1623454130164625411
1623454131703918592
1623454132299534337
1623454132567953408
1623454134107254784
1623454134035963905
1623454136275443714
1623454137450123264
1623454140939776000
1623454141870907394
1623454144974688256
1623454152813862912
1623454160757874688
1623454165203841024
1623454165925249024
1623454172342534147
1623454173256896512
1623454174355812352
1623454177082081281
1623454180504666112
1623454178407518209
1623454183323230208
1623454189170102274
1623454190268977153
1623454191338528770
1623454193074974724
1623454199446134787
1623454201161592834
1623454203959193600
1623454209634091009
1623454211777363971
1623454214084247552
1623454215023783937
1623454216613425152
1623454217515180032
1623454218391818240
1623454217443872769
1623454219050307584
1623454219603968002
1623454219876593666
1623454228114190336
1623454228923715585
1623454231670972417
1623454233646501888
1623454235773001729
1623454235772997636
1623454237610119169
1623454238503501825
1623454241284313088
1623454241414340608
1623454241879920640
1623454242173509632
1623454242819416067
1623454244404883456
1623454249756811264
1623454250268508160
1623454250742480897
1623454251812003842
1623454253510688768
1623454254693490688
1623454256278958080
1623454257423998976
1623454257860206593
1623454258267066371
1623454260037033984
1623454260288708613
1623454265162485760
1623454265196019712
1623454265678389248
1623454266852782080
1623454267389644800
1623454274658369536
1623454275530809344
1623454278127083523
1623454279146303489
1623454279603474433
1623454279255171073
1623454279637041152
1623454281927118849
1623454282015215616
1623454283151843329
1623454285588725760
1623454285848809472
1623454287039983616
1623454287312584705
1623454291972489216
1623454292706476032
1623454291045535745
1623454295118209024
1623454297303425026
1623454297739653120
1623454297605423106
1623454300658896896
1623454302198206464
1623454304328908801
1623454305243242496
1623454305264222210
1623454306434441216
1623454306996486145
1623454307352985600
1623454308179247104
1623454308577714176
1623454306363150337
1623454309668257793
1623454309953462273
1623454310326763521
1623454311819919360
1623454312340025345
1623454314542026752
1623454314827255809
1623454315250872322
1623454316244926464
1623454317796818944
1623454319227056128
1623454319998816257
1623454323790446594
1623454324125990912
1623454326932017155
1623454329838637056
1623454331122110464
1623454332397178880
1623454333730955264
1623454334246883328
1623454334221680640
1623454334481764353
1623454334850846720
1623454340970340352
1623454342132142081
1623454342467682306
1623454344367710209
1623454344451612672
1623454345911222272
1623454348327129089
1623454351107956737
1623454354379538432
1623454356703154176
1623454357663649796
1623454359358148609
1623454360792625152
1623454361685999616
1623454363430850560
1623454367574802434
1623454367855841281
1623454367927140353
1623454368233299968
1623454371626491904
1623454372134014976
1623454372402462721
1623454373371346944
1623454373648158721
1623454374403129346
1623454374868705280
1623454376600932353
1623454376609341440
1623454376672235522
1623454377154596865
1623454377708236800
1623454378941157377
1623454379960569857
1623454380031893504
1623454379670925313
1623454379989929985
1623454380535033857
1623454382175182849
1623454383055970306
1623454383257313280
1623454383483547648
1623454383978557442
1623454386193301505
1623454387426455552
1623454387871051777
1623454390312108032
1623454390773506049
1623454391339712513
1623454391851429889
1623454392258273280
1623454392912596992
1623454393118121985
1623454393696931843
1623454395349487619
1623454396427423744
1623454397668950017
1623454399749328896
1623454399858372608
1623454399430541313
1623454401666093057
1623454402098114560
1623454403289284610
1623454404535025666
1623454405147394048
1623454406179164161
1623454406179164163
1623454407382941696
1623454407403909120
1623454407819149313
1623454408754487297
1623454409941487618
1623454410650312706
1623454410742599682
1623454414244839428
1623454416027398144
1623454416174194689
1623454416727846912
1623454417554132994
1623454418476875776
1623454420217520128
1623454420485947392
1623454421723250688
1623454422704730113
1623454422847332353
1623454425233887234
1623454425976291328
1623454427167485952
1623454427096170496
1623454427633033217
1623454427888877568
1623454428543213571
1623454429201723392
1623454429507899392
1623454430975893504
1623454431219175424
1623454431525339136
1623454432414547968
1623454434419425280
1623454434423603204
1623454435241512960
1623454438714404864
1623454439259635713
1623454439268048896
1623454440211750914
1623454440975122432
1623454441121943552
1623454440866078721
1623454441344221184
1623454441570713600
1623454442107600897
1623454446280933377
1623454447639875586
1623454448168366081
1623454449007226880
1623454450571685888
1623454451876102145
1623454452308148224
1623454452610117632
1623454450336804865
1623454452882747392
1623454456645054464
1623454457135779840
1623454457362264065
1623454460054994945
1623454462793887744
1623454464077361152
1623454465184632832
1623454467273404416
1623454467348910080
1623454467592187905
1623454468095504384
1623454468422635522
1623454469278281728
1623454469764841472
1623454473413885952
1623454473787179009
1623454475045437440
1623454474558926848
1623454477209698304
1623454477088083968
1623454478639960065
1623454477377499138
1623454480540000256
1623454480850374656
1623454480988778498
1623454481940905984
1623454482775576576
1623454483647983616
1623454484734291968
1623454485766082560
1623454486307172352
1623454486772727808
1623454488907640833
1623454489478037504
1623454491772334082
1623454492246290434
1623454494641258496
1623454494960021504
1623454496159576064
1623454496344113154
1623454497002627072
1623454498818772993
1623454499766669313
1623454501415051264
1623454501771542530
1623454502056767489
1623454502572683265
1623454502606233602
1623454502895616002
1623454503981944832
1623454504388804609
1623454506041364481
1623454507387715585
1623454507870089216
1623454507970748416
1623454508654399489
1623454509153521665
1623454511854657536
1623454512265715712
1623454512450277377
1623454512534130688
1623454512999718914
1623454513062645760
1623454513284935681
1623454514278957056
1623454514249613312
1623454514664841217
1623454520876613632
1623454521329606659
1623454520729804801
1623454521308618752
1623454521497354242
1623454522306883584
1623454523636465664
1623454525825908737
1623454526610231298
1623454527868530689
1623454528355061760
1623454528669622275
1623454529219104769
1623454529420427264
1623454529898565634
1623454530750009345
1623454532687757312
1623454534080294914
1623454534709411840
1623454534684250113
1623454535896416256
1623454537809031168
1623454537804828672
1623454538937307137
1623454539746783232
1623454539813912576
1623454540208144387
1623454541126701058
1623454541122523136
1623454541793607681
1623454542653448193
1623454542930264064
1623454544477974529
1623454544901607424
1623454546348630018
1623454546868736000
1623454547170721794
1623454547208450048
1623454547434950658
1623454547384631296
1623454547875360768
1623454548315738113
1623454549091680257
1623454550089953280
1623454550933012481
1623454549607604224
1623454551260168192
1623454550194798594
1623454553244049409
1623454555060211712
1623454557178302465
1623454558071697408
1623454559032184834
1623454559359348736
1623454560026259458
1623454561091596288
1623454561850777600
1623454562517680128
1623454563452993537
1623454564426084352
1623454564556103682
1623454567399849986
1623454569199177729
1623454570109337600
1623454570654629888
1623454570910486528
1623454572256829441
1623454573074718720
1623454574232338432
1623454577843634176
1623454578246303745
1623454579030626305
1623454579970179072
1623454581081661442
1623454581647892482
1623454581857603585
1623454582369292289
1623454583338196993
1623454584026050562
1623454584919445504
1623454585720565760
1623454587083722753
1623454588115492865
1623454588253900802
1623454587884826624
1623454589201838081
1623454589302493185
1623454590489489412
1623454591055699968
1623454592385310721
1623454592431456258
1623454592842498049
1623454594436325376
1623454594557972481
1623454594985775105
1623454595665268736
1623454596462178304
1623454596621541376
1623454597359734784
1623454597850472448
1623454597863075841
1623454599104593921
1623454599981182977
1623454600845201410
1623454601923166208
1623454602715869184
1623454605203111937
1623454605815480321
1623454605714821120
1623454607690317824
1623454607732269056
1623454608072019968
1623454608311078914
1623454608080371712
1623454609376436224
1623454612182437889
1623454618402574337
1623454618775846913
1623454618855575552
1623454619094634497
1623454620172562434
1623454620910759936
1623454621292441600
1623454622752075779
1623454623058231296
1623454625012785154
1623454625759387648
1623454626380132354
1623454626669535233
1623454627797798912
1623454628120780800
1623454630138220545
1623454630566043649
1623454630905794560
1623454631706652673
1623454632445116417
1623454633472704513
1623454633606914048
1623454633430589441
1623454633590165506
1623454635074945024
1623454636668776448
1623454637180489731
1623454638153551872
1623454638254211073
1623454638455533570
1623454640313618432
1623454640892420099
1623454640464355330
1623454641152495618
1623454642347847683
1623454644008812547
1623454644348526592
1623454645061574656
1623454646428893186
1623454646743465985
1623454647297122304
1623454648135974915
1623454650199605248
1623454651529187328
1623454652565172224
1623454653022367745
1623454653034938369
1623454653743775744
1623454654964310016
1623454655383732224
1623454657380257794
1623454657489293314
1623454659104108544
1623454659137658880
1623454659980726273
1623454662044311553
1623454662472142848
1623454662971228160
1623454664363745280
1623454666284752897
1623454666301526016
1623454666242818048
1623454666314108929
1623454667144564736
1623454668889427968
1623454671301148675
1623454671393406978
1623454673687707649
1623454673922580480
1623454673960321026
1623454674090344449
1623454674325233666
1623454676506267649
1623454677009563651
1623454677466771458
1623454680046264321
1623454683737260036
1623454684689367042
1623454684773240832
1623454684660002817
1623454687088500737
1623454687860228098
1623454690448142336
1623454690464919553
1623454691458961408
1623454691475726337
1623454692348133378
1623454693807767553
1623454696441790464
1623454698866102272
1623454699407183873
1623454699470094336
1623454699390373890
1623454701021982720
1623454701307187204
1623454701793718272
1623454702833917954
1623454706159980544
1623454706210328576
1623454707586060289
1623454708081004544
1623454708332638208
1623454709192482817
1623454710136176640
1623454710106845185
1623454711377723392
1623454713051246592
1623454714032717824
1623454714712174592
1623454716008235008
1623454714989010944
1623454717925007360
1623454718247964673
1623454718696787973
1623454718944239616
1623454720047321091
1623454720894578690
1623454721095925760
1623454721884450816
1623454723650236416
1623454723616694272
1623454724518449152
1623454724405202944
1623454725470568448
1623454728251400193
1623454727823564800
1623454728515633154
1623454727844540417
1623454730436640768
1623454731208388608
1623454731069968384
1623454732189851649
1623454732617670658
1623454732760281088
1623454732693164032
1623454733230043137
1623454733934669824
1623454734005977093
1623454734228267010
1623454737202057217
1623454737571131392
1623454737789235201
1623454737923440640
1623454738095439872
1623454738489679872
1623454740180008960
1623454742021292032
1623454742621089792
1623454743711604736
1623454744592416771
1623454744886018048
1623454746001694720
1623454745913602050
1623454748438568960
1623454748723806208
1623454750946775042
1623454751441420291
1623454751726899200
1623454752775471105
1623454753085878273
1623454753836650497
1623454754692288513
1623454755908632576
1623454756483244033
1623454756470669312
1623454757116592130
1623454757183688704
1623454757468897280
1623454757494095874
1623454758228066304
1623454758530072576
1623454758781730817
1623454759419273217
1623454758660079617
1623454760451055617
1623454760404946944
1623454760937611264
1623454761197481985
1623454761675800576
1623454762963435522
1623454764079157248
1623454765563932674
1623454765912043521
1623454768705437697
1623454770009894915
1623454770391580674
1623454771322716164
1623454771599540225
1623454771993796610
1623454772404822016
1623454773113659394
1623454774086742017
1623454774149677056
1623454774086754304
1623454774975926273
1623454776104214528
1623454777299582977
1623454779040202752
1623454780017512448
1623454781825224704
1623454783385538560
1623454783821721602
1623454782722830336
1623454784442503169
1623454785654652928
1623454785520431105
1623454786002751488
1623454786317324289
1623454788343205888
1623454788032798721
1623454788708102146
1623454789681184770
1623454789693743105
1623454790322917377
1623454790742327296
1623454790922670080
1623454791589580802
1623454792432615424
1623454792508121088
1623454794588495872
1623454795712565248
1623454796425629696
1623454797067358208
1623454795293143040
1623454798069784576
1623454800510881795
1623454801320366082
1623454802083725312
1623454803300077568
1623454803253919744
1623454803421724672
1623454806038941699
1623454807129464832
1623454807485992962
1623454807641178114
1623454808224198656
1623454808295497729
1623454808928849921
1623454810979827715
1623454810308751361
1623454811600584705
1623454812531757056
1623454814414995458
1623454815337738241
1623454815388045312
1623454815614541839
1623454815530668033
1623454817531346945
1623454817661370370
1623454818504409092
1623454818722529280
1623454820152774657
1623454823340470272
1623454823923449857
1623454824284196864
1623454824879779842
1623454826054172672
1623454827949998082
1623454827740266496
1623454828331692033
1623454828742713344
1623454829279600641
1623454830915383297
1623454830932152321
1623454831771017220
1623454832517603329
1623454832832151554
1623454832643420160
1623454833847201792
1623454837731098625
1623454838217670657
1623454838330888192
1623454839341711361
1623454839756959746
1623454839937302528
1623454840495149056
1623454843921891329
1623454844064518144
1623454845050167296
1623454844882391041
1623454845834522624
1623454845981319168
1623454846056804352
1623454844748197888
1623454846170075136
1623454848309161984
1623454848644702208
1623454849965907968
1623454850163023872
1623454850297237505
1623454850473414657
1623454850553106434
1623454850653777920
1623454852033679361
1623454853191307264
1623454854990688256
1623454855355564032
1623454855565299712
1623454857138143234
1623454857259810817
1623454857385644035
1623454858337714177
1623454861596725248
1623454861189844992
1623454863693869057
1623454863870029824
1623454865203802112
1623454866223034369
1623454866596315137
1623454866676019201
1623454868651544577
1623454869679112193
1623454868483760128
1623454870153084931
1623454871822409729
1623454869825949697
1623454873164599297
1623454873227522049
1623454873382711297
1623454873617588224
1623454875110768642
1623454875224002561
1623454878566842371
1623454879636393984
1623454879871287297
1623454880391401472
1623454880978591744
1623454881389608962
1623454881595158528
1623454881909727232
1623454882115244035
1623454882765377536
1623454882836410368
1623454883226750976
1623454883574845441
1623454884279504896
1623454884543762437
1623454885198061568
1623454885193850880
1623454885391003648
1623454885911072769
1623454886536028161
1623454887081308161
1623454887563628544
1623454889086185472
1623454888989696000
1623454889463664641
1623454890545807362
1623454891204296705
1623454893188198403
1623454893506957313
1623454894110941184
1623454894421319681
1623454895105019904
1623454896476540928
1623454896627548160
1623454896782737409
1623454897072119808
1623454897990696961
1623454898582065152
1623454899563560964
1623454898296872960
1623454900297539586
1623454900800851968
1623454901190926336
1623454901719425025
1623454903200010241
1623454902658945024
1623454904160518145
1623454904256970754
1623454905385259009
1623454904982581248
1623454906446401536
1623454909961211904
1623454911135621120
1623454911466991616
1623454911798337536
1623454913694154754
1623454911009783809
1623454915057319937
1623454914944069633
1623454915409629184
1623454916030394369
1623454916776976386
1623454917007663104
1623454917288689665
1623454916093308929
1623454918123331585
1623454918542774273
1623454919494885376
1623454920098852864
1623454920568606721
1623454920832847874
1623454921340375041
1623454921441042432
1623454921717841920
1623454921805926400
1623454921860464640
1623454922145697792
1623454922070167552
1623454922816765952
1623454923068436480
1623454924238643200
1623454925492752385
1623454926847492096
1623454926675542017
1623454929150152707
1623454929053712386
1623454929208868864
1623454929909342208
1623454930014203904
1623454929926098949
1623454930869817344
1623454931423477761
1623454931813556224
1623454931972919296
1623454932161695744
1623454932283322369
1623454933864562688
1623454934422401024
1623454934329958402
1623454933008908290
1623454934468550656
1623454934854434817
1623454932878901248
1623454937010298880
1623454937358417922
1623454938813825027
1623454939384274944
1623454939443007490
1623454940625797121
1623454942836187136
1623454943356260353
1623454942831996930
1623454944924958720
1623454945440854017
1623454946514599937
1623454946741096449
1623454947080802305
1623454947949027329
1623454948137799681
1623454948691447811
1623454950994092033
1623454951543554048
1623454952998965248
1623454953120616448
1623454953804292097
1623454953015771136
1623454955326824448
1623454955641405442
1623454956547362816
1623454955377139713
1623454956677378048
1623454958376079362
1623454959558860801
1623454959646945281
1623454960313860096
1623454960796180482
1623454961018490881
1623454960859111425
1623454962029314049
1623454963363090433
1623454963061108737
1623454964973735937
1623454965594492928
1623454965590286336
1623454965896478721
1623454966374617088
1623454967762939907
1623454968484331520
1623454968803102723
1623454969541296129
1623454970107535360
1623454969629388802
1623454971072237568
1623454972447969281
1623454973030961152
1623454974075338752
1623454974180212736
1623454974419271680
1623454974960353280
1623454975593693185
1623454975740497920
1623454975669194752
1623454977271418880
1623454977397239808
1623454978915586049
1623454978802352130
1623454979041394688
1623454978865254401
1623454979834134530
1623454980266160131
1623454980505206785
1623454981134352390
1623454981918715908
1623454982170361857
1623454983093116929
1623454983361531904
1623454984456278019
1623454984724680707
1623454986960248833
1623454986914111492
1623454987513888768
1623454987652313089
1623454990227615745
1623454990869340160
1623454992161206272
1623454992765157377
1623454994640039936
1623454996502302721
1623454996896555008
1623454997068533760
1623454997341155330
1623454998557511680
1623454998746251265
1623454999123759104
1623454999513825281
1623455000860176386
1623455001753571328
1623455002114273280
1623455002185580545
1623455003259318275
1623455003427078145
1623455004299505664
1623455006337961985
1623455007449440257
1623455007696904193
1623455007575273473
1623455010041511936
1623455012495192066
1623455014214860800
1623455014856564738
1623455015338909699
1623455015699636225
1623455016311992321
1623455017142489089
1623455017851322368
1623455018069413889
1623455019084439553
1623455020455956481
1623455020791525379
1623455021051555840
1623455021701681154
1623455022821576704
1623455023136145408
1623455023345827840
1623455023677210624
1623455024880975877
1623455023656239104
1623455026319601665
1623455027779231745
1623455028982992897
1623455029725380608
1623455029888974849
1623455030652313600
1623455030807498752
1623455032443281408
1623455032720101377
1623455033005346816
1623455033206636544
1623455034972450820
1623455035995885570
1623455037547753474
1623455038034292738
1623455038973808641
1623455039430983682
1623455040135659520
1623455040299233281
1623455040634757121
1623455040789975041
1623455040936763392
1623455041020633088
1623455041205190657
1623455042077618179
1623455040898998273
1623455043524640768
1623455043566575616
1623455043751120896
1623455043684012033
1623455044548055040
1623455045953150976
1623455046229950464
1623455046699749376
1623455046947201028
1623455047295336448
1623455047257587712
1623455048327122944
1623455048838807555
1623455049602203651
1623455051787403264
1623455051951001600
1623455052122972160
1623455052261388290
1623455053309972481
1623455053603573764
1623455053226070016
1623455054190772225
1623455054173962241
1623455055172206593
1623455055457435648
1623455055830740992
1623455056090767360
1623455056250163200
1623455055914622977
1623455057374232576
1623455057739145217
1623455057726554113
1623455057974030336
1623455058288590848
1623455058464768001
1623455058775134210
1623455057881743362
1623455058976477186
1623455058867425281
1623455060406734848
1623455060968767488
1623455061031661568
1623455061270740995
1623455062289960960
1623455062407389184
1623455062822645762
1623455062927474688
1623455063615369216
1623455064395489280
1623455065041432578
1623455065607634944
1623455067079847937
1623455067386040323
1623455067440578560
1623455067952287744
1623455068308795393
1623455068602368001
1623455068585594881
1623455069474820097
1623455069558677504
1623455069667758080
1623455070565330945
1623455070728896513
1623455071722962947
1623455072544780288
1623455073052528640
1623455073102860288
1623455073832665091
1623455074021441538
1623455074256314368
1623455074776399872
1623455074323435520
1623455075200024576
1623455075246174209
1623455075590107136
1623455075975987200
1623455077162975233
1623455079012655104
1623455079583092736
1623455079683723266
1623455080812007424
1623455079553732608
1623455080946221056
1623455084939210752
1623455085392179204
1623455085702553600
1623455086897954820
1623455087019593728
1623455088919601152
1623455089682944003
1623455089850728451
1623455089733296129
1623455090433728512
1623455091150979073
1623455091612323844
1623455091679436802
1623455092560265217
1623455092858044418
1623455093147435008
1623455093143244801
1623455093042610176
1623455093839523841
1623455093910835200
1623455094149873664
1623455094560915457
1623455095554981888
1623455096158961664
1623455096561598466
1623455096834244609
1623455096771330048
1623455097597624320
1623455098096750594
1623455098621026304
1623455099833184257
1623455100168704000
1623455100869152769
1623455102064558080
1623455100944650241
1623455105034113024
1623455105638076417
1623455106896400384
1623455106946699266
1623455107911417856
1623455108918038528
1623455110167953409
1623455110562205696
1623455110625128448
1623455111707246592
1623455112374136838
1623455112248307712
1623455112550318080
1623455113124941826
1623455113833779203
1623455114051862531
1623455114978795520
1623455117252120576
1623455117054988288
1623455117268914176
1623455118095155200
1623455118686560257
1623455118938210305
1623455119017926656
1623455119454121984
1623455119592546305
1623455119575752704
1623455119609303041
1623455120699838464
1623455121089904640
1623455122306260995
1623455122734080002
1623455123174469633
1623455123363217408
1623455123468070913
1623455123417763840
1623455123694567426
1623455122906058753
1623455125405843458
1623455125489741825
1623455125720416257
1623455126978707459
1623455127209385984
1623455127456849921
1623455127754657792
1623455128471887872
1623455129033908226
1623455129142956035
1623455129226838016
1623455129201692672
1623455129096847360
1623455129767936002
1623455130036371456
1623455130258653184
1623455130237693952
1623455130422218752
1623455131881668610
1623455132305489920
1623455132552937472
1623455132863315968
1623455132942991360
1623455134213869570
1623455135186972673
1623455135329550336
1623455137313468418
1623455137632251905
1623455137820991488
1623455138898931714
1623455139251261441
1623455140215922690
1623455140551475200
1623455141323235329
1623455142241796097
1623455143231627266
1623455143810457600
1623455144385052673
1623455145081339904
1623455145496563712
1623455145140043777
1623455145915981824
1623455146616442880
1623455146910027776
1623455146415099904
1623455148134768640
1623455148700995585
1623455151129497601
1623455151402156034
1623455151595081730
1623455153109209088
1623455153998417921
1623455155483193344
1623455155604844544
1623455155684536322
1623455154912792576
1623455156770848769
1623455156900892674
1623455156988960769
1623455157165105153
1623455157941055491
1623455157890744322
1623455157953654784
1623455159354548224
1623455159539081218
1623455160310853632
1623455160881250305
1623455161443307520
1623455162072457216
1623455162219270144
1623455162286374912
1623455162936471552
1623455165910241283
1623455165931229184
1623455166824587266
1623455166887497729
1623455168095461377
1623455168431017984
1623455171178270720
1623455171337682944
1623455174097522689
1623455174953140224
1623455174957355019
1623455175380971523
1623455175355813889
1623455175980777472
1623455176165306368
1623455177251627009
1623455177381670912
1623455177574592513
1623455178107256832
1623455177511677955
1623455178312777728
1623455178845483011
1623455180162502657
1623455180858748930
1623455180971978753
1623455181005553665
1623455179571093504
1623455182360293377
1623455182544850945
1623455183022985217
1623455183555657728
1623455184138678275
1623455184809779200
1623455184956571648
1623455185124327425
1623455185652826113
1623455185749307394
1623455187129204738
1623455188018417665
1623455188383326208
1623455188307816449
1623455188525907968
1623455188576260097
1623455188458819585
1623455188970536961
1623455190342070273
1623455190555955200
1623455190765670400
1623455191164137472
1623455191893966850
1623455192946720769
1623455193064181761
1623455193714262017
1623455194213421057
1623455196386037762
1623455196625125378
1623455197816328192
1623455199175249922
1623455199380779010
1623455197791125506
1623455200295133184
1623455200299335681
1623455201419223040
1623455202404868098
1623455202534920194
1623455202916589568
1623455203566710784
1623455204242001920
1623455204162297856
1623455205852590080
1623455206175551488
1623455206183948288
1623455207681306624
1623455208205586435
1623455208562130945
1623455208595652608
1623455208432091136
1623455208947998720
1623455208901840896
1623455209048670208
1623455208994144258
1623455210395021312
1623455211074502656
1623455210952884224
1623455212055969794
1623455212890632194
1623455213561741313
1623455213830176768
1623455213876314113
1623455213758869506
1623455214107004928
1623455214677417984
1623455215281377280
1623455215063302144
1623455216615165953
1623455216946528256
1623455217449852929
1623455217940586496
1623455218515189761
1623455219735744512
1623455220536848384
1623455220977242112
1623455221203734528
1623455221426032641
1623455221686112256
1623455221807714305
1623455221728055296
1623455222915014658
1623455223279923202
1623455224324329473
1623455224911499264
1623455225360322560
1623455225767137280
1623455226304036864
1623455228875120643
1623455229437181952
1623455229651062784
1623455229734981633
1623455230569619459
1623455231358169088
1623455232897449985
1623455233283346432
1623455233946054656
1623455234008952833
1623455235435032576
1623455235783131137
1623455235883798531
1623455236202586113
1623455236508778499
1623455236496175105
1623455236303241216
1623455237020483586
1623455237653807104
1623455237867716609
1623455240736608256
1623455241374138369
1623455241726492673
1623455241957179392
1623455244440211457
1623455245606227968
1623455245979508737
1623455246872891392
1623455247623680000
1623455248110215168
1623455250714890240
1623455250865864707
1623455251566329856
1623455253487312896
1623455254057730048
1623455254422618115
1623455254338736129
1623455254087073794
1623455255395696641
1623455255529918464
1623455255550889984
1623455255865470976
1623455256570105856
1623455256528171009
1623455257060851713
1623455257308303360
1623455255274070016
1623455257719373824
1623455257958420481
1623455257870364673
1623455258134597632
1623455258256228352
1623455258918912000
1623455259241885696
1623455259296415744
1623455259321585664
1623455259447431170
1623455260135284736
1623455260202373120
1623455261007687681
1623455261229977600
1623455261343223808
1623455260600860672
1623455262186303489
1623455263088070658
1623455263390040064
1623455263419408384
1623455264405061633
1623455264744808448
1623455264988090368
1623455266263154688
1623455267102015490
1623455267194306562
1623455267362074624
1623455267819229187
1623455268532281344
1623455269182377985
1623455269245292544
1623455269576658944
1623455269757014016
1623455271032066049
1623455271870926849
1623455272101629952
1623455272240021504
1623455272793686016
1623455272995028992
1623455273674481665
1623455274278477826
1623455274521722882
1623455274542460930
1623455275092160513
1623455275117314049
1623455275830358018
1623455276446945280
1623455276652466177
1623455276883120128
1623455276946051072
1623455277118021632
1623455276673421313
1623455277449375744
1623455278049144833
1623455278380494850
1623455278820896768
1623455278741204996
1623455278799937536
1623455278351134720
1623455280037269505
1623455280490250240
1623455280699944960
1623455281022906368
1623455282490933248
1623455282851622913
1623455282931310595
1623455283631779840
1623455283958906880
1623455284164444160
1623455284776796160
1623455284646772736
1623455286068658176
1623455288329400323
1623455288497156100
1623455288451043329
1623455288664952833
1623455289973538816
1623455290967601155
1623455293794566146
1623455293727469570
1623455296957091840
1623455296889970688
1623455297007398912
1623455297900802049
1623455295992385537
1623455299251351554
1623455301243658242
1623455301130424322
1623455301910528001
1623455302464208898
1623455302996873216
1623455303525355522
1623455304494256128
1623455304603279360
1623455305328906240
1623455307581239296
1623455307618988033
1623455307832905731
1623455307933548544
1623455308793397249
1623455309279936513
1623455309590319105
1623455309934235648
1623455310513065987
1623455312228544512
1623455312174026752
1623455312576655360
1623455312677339136
1623455312803151874
1623455313012883457
1623455313277112321
1623455313235169281
1623455313553944576
1623455314258591745
1623455315311366145
1623455315625902083
1623455315617533952
1623455315571380226
1623455316775174147
1623455316880015362
1623455317068750848
1623455317647556609
1623455317806956544
1623455318087962624
1623455318738092033
1623455318712918019
1623455318863908864
1623455319371415552
1623455320428388353
1623455320784920577
1623455321892196352
1623455321766395906
1623455322185818114
1623455322429071362
1623455322533953536
1623455322580090880
1623455322743664641
1623455323632828417
1623455323649605636
1623455323624452097
1623455325985861634
1623455326036164608
1623455327294492672
1623455329500684289
1623455330238861313
1623455330368880640
1623455330285027328
1623455330771562498
1623455330859622402
1623455331098726402
1623455331451027457
1623455331404890114
1623455332054999040
1623455332692561920
1623455332940001280
1623455334097616898
1623455334462537728
1623455334932312065
1623455334886178816
1623455334827450368
1623455335133646848
1623455335603384320
1623455336161247234
1623455336610033664
1623455338078044161
1623455338401005569
1623455338581364737
1623455338686201856
1623455339021762561
1623455340342968321
1623455342192623617
1623455342138105856
1623455342645620736
1623455344159772672
1623455345057353728
1623455346139467777
1623455347196436480
1623455347586519041
1623455347800420353
1623455348756746242
1623455348748349441
1623455348806807554
1623455349197131777
1623455349964681217
1623455350757416961
1623455351462064129
1623455351625617410
1623455352724553729
1623455353521455107
1623455353777311744
1623455354079305731
1623455358860791809
1623455360114900992
1623455360874053632
1623455361431900161
1623455361905872896
1623455361918439424
1623455361868107778
1623455362920910849
1623455363109625857
1623455363235446785
1623455363852034049
1623455363914924032
1623455364212736002
1623455365739458561
1623455368260259843
1623455369627566081
1623455370864918528
1623455371250761729
1623455371930255361
1623455372685213697
1623455373268238337
1623455373238624258
1623455373410856963
1623455373800910848
1623455374719459329
1623455374912417793
1623455376627875841
1623455376548200448
1623455376812437505
1623455377496100864
1623455377823272962
1623455378053935106
1623455378737610753
1623455379119304705
1623455381627469825
1623455381774278656
1623455381858168832
1623455382130823171
1623455382445387776
1623455383074529280
1623455383116468224
1623455383351336961
1623455383695261696
1623455384814907395
1623455384886476801
1623455384940998656
1623455384982929408
1623455384890662912
1623455384945000450
1623455387742801921
1623455388283834369
1623455388434845697
1623455389051412485
1623455389634400257
1623455391282786305
1623455391261822977
1623455394092965888
1623455395498045442
1623455395875540993
1623455395992985602
1623455396747972608
1623455397158985728
1623455397263867905
1623455397389680640
1623455398811541506
1623455399637827585
1623455399956594689
1623455401118404608
1623455401256820737
1623455403488215042
1623455403995713536
1623455404129935361
1623455404410957826
1623455405115596801
1623455406256447488
1623455406440980482
1623455406499725312
1623455408018042881
1623455408076779520
1623455408668184576
1623455408798183426
1623455409288912896
1623455410316517376
1623455410677227520
1623455410949885952
1623455412724064258
1623455413013475330
1623455413361590274
1623455413634240512
1623455413680353280
1623455414376624128
1623455415240658944
1623455416175955968
1623455416872243201
1623455417002266629
1623455417040011266
1623455418008879104
1623455418352816128
1623455418981945345
1623455419820826624
1623455421905375232
1623455422454833152
1623455422551302144
1623455423687966720
1623455423776055296
1623455423520215043
1623455424455544833
1623455424501661696
1623455425457963008
1623455428087799808
1623455429245419520
1623455429539004416
1623455430239485952
1623455430247677954
1623455431573250048
1623455431967522820
1623455432693137408
1623455432923815936
1623455435033550849
1623455434999996416
1623455435176148992
1623455435151003649
1623455435603992576
1623455435553636353
1623455436187013122
1623455436707106817
1623455436824535040
1623455437168443392
1623455437084577792
1623455437420126208
1623455437998927872
1623455438187679744
1623455438858747904
1623455439794077696
1623455440255463424
1623455440947535872
1623455440909799425
1623455441329225728
1623455442847563776
1623455442587488256
1623455443069837312
1623455443950657536
1623455444013563906
1623455444655312897
1623455444768546818
1623455445640953856
1623455445611610112
1623455445779369984
1623455446148472832
1623455446198800386
1623455446521761794
1623455446484029440
1623455446593069057
1623455446806982658
1623455447129915393
1623455446790176768
1623455448467910656
1623455448568565761
1623455448874782722
1623455451185811458
1623455450133037056
1623455452255383553
1623455452641243136
1623455452527988737
1623455452741914624
1623455453278765056
1623455452972580864
1623455453358473218
1623455453828235265
1623455454360928258
1623455454771957761
1623455454830669825
1623455455166234625
1623455455279452160
1623455456143491072
1623455456147677185
1623455456592281601
1623455456772657153
1623455457900920832
1623455458584571907
1623455460400713729
1623455460564275200
1623455460027420672
1623455461185060864
1623455461319258113
1623455461499633667
1623455462078447616
1623455462195871744
1623455462124560386
1623455463101845505
1623455463403847682
1623455464251097088
1623455464884408321
1623455466004316163
1623455466264334337
1623455466482454528
1623455466784444416
1623455467824611329
1623455468076118017
1623455468290183170
1623455469154209792
1623455469229731841
1623455470454464513
1623455471230414851
1623455472048279554
1623455472589352960
1623455472924905473
1623455472929107969
1623455473080074240
1623455473109458944
1623455470324432896
1623455475584086018
1623455476464893953
1623455476628488193
1623455476196454401
1623455477526036480
1623455477731577856
1623455478721445888
1623455480956997632
1623455481556766723
1623455481682599937
1623455482445991936
1623455482743758851
1623455483196755968
1623455483192578050
1623455483498745856
1623455484174012418
1623455484564078594
1623455484815773696
1623455485025468416
1623455486669635585
1623455487290376193
1623455488007639040
1623455488431226881
1623455488691281920
1623455489249153024
1623455489534345216
1623455489794400256
1623455490205437953
1623455490943614978
1623455491061071872
1623455491551825921
1623455492000595969
1623455493003030532
1623455493443448835
1623455493711867904
1623455494085185537
1623455493938376706
1623455494613639170
1623455494529757184
1623455496157143041
1623455497730023426
1623455498354978816
1623455499013480449
1623455499126738947
1623455499449679872
1623455500531802112
1623455500930105347
1623455501282607104
1623455501337137152
1623455502490546176
1623455503581073408
1623455504319266816
1623455506143772673
1623455506550644736
1623455507150438400
1623455507204694017
1623455508710707200
1623455509046235136
1623455509167869954
1623455510048694272
1623455509423718403
1623455511080493056
1623455511118254080
1623455511596367873
1623455512116469760
1623455511487336449
1623455513215393792
1623455513928425473
1623455514297507842
1623455514494644224
1623455515471921152
1623455515534827520
1623455515606130688
1623455515723591682
1623455515891351553
1623455515648098305
1623455515572604928
1623455516767948800
1623455518928011266
1623455518827364352
1623455518810603521
1623455520941309953
1623455521071300612
1623455521708859394
1623455522409283585
1623455524112175107
1623455524904927232
1623455526813327361
1623455527849328642
1623455528092565505
1623455530059722753
1623455531376709632
1623455532626608129
1623455532811186176
1623455533213818881
1623455534774124546
1623455535420039169
1623455535432404992
1623455536040792065
1623455536619601922
1623455536741228545
1623455537877897216
1623455537747865600
1623455538091786240
1623455538599329794
1623455538922278912
1623455539299770370
1623455539358474240
1623455540155408385
1623455541023617024
1623455541011030016
1623455541275299841
1623455542357393408
1623455542336430081
1623455542562938880
1623455542957211649
1623455544701853696
1623455544727179265
1623455545297629184
1623455545360551937
1623455547084181504
1623455547113766913
1623455547910664193
1623455549907173376
1623455550309810177
1623455550414671872
1623455549756149762
1623455551752671232
1623455552138539009
1623455552155291648
1623455552230801410
1623455552352423937
1623455552968826881
1623455553245810689
1623455553568575489
1623455553837240322
1623455553816252416
1623455553585401857
1623455554067922945
1623455554348937220
1623455554655109122
1623455553057062914
1623455555322003457
1623455556009881600
1623455556974579715
1623455557146546176
1623455557318500352
1623455557410762752
1623455557423362049
1623455557670809604
1623455557754720256
1623455557901484034
1623455557675016193
1623455559331778560
1623455560862691328
1623455561311457280
1623455560971730945
1623455562653655041
1623455563492491264
1623455562821427200
1623455565308657664
1623455565635792896
1623455566415929345
1623455566545977344
1623455566487261184
1623455566713749504
1623455566785019906
1623455567342895104
1623455567443562496
1623455567833595904
1623455567976230912
1623455568492138496
1623455568848617472
1623455569553260546
1623455568991240192
1623455570354393089
1623455571117752321
1623455572103405569
1623455572438974464
1623455573391052802
1623455574812925954
1623455574687100928
1623455577056903168
1623455577220476929
1623455578021584896
1623455578336141315
1623455578403246080
1623455578814304260
1623455579694944256
1623455580672364544
1623455581196652545
1623455581809049602
1623455582773727232
1623455583113469952
1623455583138619394
1623455583654526976
1623455583658733569
1623455584124289024
1623455585017679872
1623455585235800064
1623455585734909952
1623455586078851072
1623455586959642625
1623455587228082177
1623455587240656899
1623455587421024259
1623455588121444352
1623455588503142400
1623455589094547456
1623455589664980993
1623455589677563904
1623455589820141568
1623455590214430720
1623455590398984192
1623455590826786818
1623455591636291585
1623455591988625408
1623455592072491010
1623455592072495104
1623455593179807745
1623455593641172994
1623455593767002113
1623455593918001152
1623455594182238209
1623455595050455040
1623455594974945280
1623455596543623172
1623455598271692800
1623455598464634880
1623455598942773249
1623455599093747713
1623455599253147648
1623455599320240129
1623455600083615746
1623455600184279041
1623455600175890433
1623455601421615104
1623455601497096197
1623455601681645568
1623455602671521793
1623455602797330432
1623455603212578816
1623455603216752640
1623455604223377408
1623455604563152897
1623455605410381825
1623455605729161219
1623455605871755265
1623455605905326080
1623455605896929280
1623455606735769602
1623455607058751488
1623455607683710976
1623455608136663041
1623455608237326336
1623455608296062976
1623455608933613571
1623455608925224960
1623455610875572224
1623455610900746241
1623455611013955584
1623455611638943744
1623455613329240064
1623455612188381184
1623455614717550593
1623455614889504768
1623455615384449025
1623455615577387009
1623455615422025728
1623455615795470336
1623455617502556160
1623455619192868867
1623455619406778368
1623455620845424640
1623455622208569347
1623455622573481985
1623455622728663041
1623455623487832064
1623455623768846336
1623455624318312448
1623455624511234048
1623455625031340032
1623455625199104000
1623455625836662786
1623455626138648576
1623455626251886592
1623455626700681218
1623455626742607872
1623455626780368896
1623455626906206208
1623455627262717954
1623455627610845185
1623455627967361024
1623455628047052801
1623455628374212608
1623455625777934338
1623455629275975682
1623455630123233280
1623455630362284032
1623455630962073601
1623455631339581440
1623455632765624321
1623455634032304129
1623455634091053056
1623455634380447744
1623455634976038912
1623455635223515140
1623455635445800961
1623455635638550528
1623455636116893697
1623455636020396032
1623455636536303616
1623455636678901762
1623455637014478849
1623455637853315074
1623455640382484483
1623455640835461122
1623455640906792961
1623455641670156288
1623455641443651584
1623455642651623424
1623455642274103297
1623455643180097537
1623455643373035520
1623455643373027328
1623455643876364291
1623455644367085570
1623455644455165952
1623455645574782977
1623455645654712320
1623455646422298625
1623455647139508224
1623455648573960192
1623455648750108673
1623455649077280770
1623455649530281985
1623455652344627201
1623455652793417728
1623455653225459714
1623455653477097477
1623455653758140416
1623455654164967426
1623455655712681984
1623455656790605824
1623455656849326080
1623455657172295680
1623455657298124802
1623455658027941888
1623455661689552898
1623455661995745281
1623455662310313986
1623455662293540864
1623455663434379264
1623455663883182081
1623455664122269696
1623455665409884163
1623455665984532480
1623455667846778881
1623455669482565632
1623455669776003072
1623455670677962752
1623455671521021952
1623455671797813249
1623455671646826496
1623455672561205248
1623455671852363777
1623455673194512385
1623455673383264256
1623455674624774145
1623455675019063296
1623455675253915649
1623455675421716483
1623455675761463296
1623455675904053248
1623455676071837696
1623455676529008640
1623455676659007488
1623455677216862208
1623455677266989058
1623455678013792257
1623455678118641664
1623455678408056833
1623455678835863552
1623455678986870784
1623455675685961729
1623455679360151552
1623455679431446529
1623455680291012610
1623455680891064320
1623455682254213121
1623455684192002050
1623455685093765121
1623455685701955586
1623455686163144708
1623455686876344324
1623455686758924288
1623455687824265217
1623455687396462593
1623455689376141313
1623455689552318465
1623455689896251392
1623455690361823236
1623455690349240320
1623455691171303424
1623455691217465344
1623455691322318848
1623455691448147968
1623455691984998400
1623455692534476801
1623455692941332480
1623455693692104704
1623455693784387585
1623455693729837056
1623455694447083521
1623455695483043840
1623455695642439681
1623455694900068353
1623455695655043072
1623455696049303555
1623455696225472512
1623455697190158336
1623455697336934403
1623455697601187840
1623455697932554241
1623455698670714880
1623455699312476162
1623455699253735424
1623455694400929793
1623455700117778433
1623455700847591427
1623455701371871233
1623455702030360577
1623455704865701888
1623455704928632832
1623455707201937411
1623455707495555072
1623455707583623168
1623455707734642689
1623455707801743361
1623455709181673472
1623455709148119040
1623455709257150464
1623455709768867840
1623455710154723328
1623455710876168194
1623455711467573248
1623455712209965056
1623455712579047425
1623455712864075776
1623455712918769665
1623455713258536960
1623455713992527872
1623455713778614272
1623455714286129153
1623455714437124096
1623455714479054848
1623455714755891201
1623455715070443520
1623455715015954432
1623455716832083968
1623455717821931521
1623455718195216386
1623455718279098369
1623455718383947777
1623455718815977472
1623455719516434432
1623455719545786369
1623455719591903233
1623455719663230978
1623455721248673792
1623455721609109504
1623455723190632448
1623455723035426817
1623455724193067008
1623455724348248066
1623455724448911361
1623455724738351105
1623455724608143361
1623455724989984768
1623455725170163713
1623455725912719360
1623455726462181376
1623455727166853121
1623455727263313924
1623455727309443072
1623455727447834626
1623455727934398464
1623455728399978497
1623455728903266305
1623455731088494596
1623455730169950211
1623455731323117568
1623455731658932224
1623455730740383746
1623455731856056320
1623455732258729985
1623455732845912064
1623455736251695105
1623455736998281216
1623455737203806208
1623455737623216128
1623455737950400512
1623455738487275522
1623455738613100544
1623455739699433472
1623455740315987972
1623455740718628865
1623455741570068480
1623455741855285248
1623455742186639360
1623455742299869185
1623455743126142978
1623455743440736256
1623455744896155649
1623455744996818945
1623455745894387713
1623455746171232258
1623455746380959744
1623455749010776065
1623455749140799488
1623455749673488385
1623455749828665345
1623455749400821760
1623455751074377728
1623455751225380865
1623455751418298369
1623455751338590210
1623455752198434819
1623455752630456320
1623455752852754432
1623455753116999682
1623455752945020931
1623455753905541120
1623455754803101698
1623455755335761920
1623455755495174149
1623455755490983936
1623455755939745793
1623455756082376706
1623455756728307713
1623455758137409537
1623455758745731072
1623455759509094400
1623455759882391553
1623455760683245570
1623455761006481409
1623455761623031808
1623455761719529473
1623455764747517952
1623455765435650048
1623455765351526400
1623455765544734721
1623455765972529153
1623455766631026688
1623455766916235265
1623455767121760256
1623455767268589569
1623455767495069701
1623455768245862400
1623455768812089347
1623455769164402688
1623455769491554305
1623455769520922626
1623455769520902144
1623455770015846402
1623455770355580928
1623455768950497280
1623455772696006656
1623455772968644609
1623455773178359809
1623455775560728576
1623455776428949504
1623455776705757185
1623455777121009664
1623455777657860098
1623455778538684416
1623455778744176645
1623455779000061952
1623455779624984576
1623455779851505665
1623455780904259584
1623455781097193473
1623455782590369793
1623455782942691328
1623455783080939520
1623455784070967296
1623455784268103680
1623455785916452864
1623455786050678784
1623455786260373504
1623455786633682944
1623455786965045249
1623455787229265920
1623455787409604608
1623455787334111233
1623455788835696643
1623455789234143234
1623455789678755840
1623455789896675329
1623455790299500544
1623455790609895424
1623455789599039488
1623455791381626880
1623455791385829376
1623455791759110146
1623455792627347458
1623455792937705472
1623455792916488192
1623455792996433921
1623455793508159488
1623455793508130816
1623455794045026305
1623455794502205440
1623455794380558336
1623455794619641857
1623455794636423168
1623455795320094722
1623455793679933441
1623455795978571776
1623455796137984000
1623455797014593536
1623455797559836672
1623455797958283264
1623455798000230401
1623455798998503424
1623455799279489024
1623455799577280512
1623455799749251074
1623455799942205440
1623455800030281728
1623455800294539264
1623455800315502595
1623455800344854530
1623455800630063104
1623455801183735810
1623455801921929217
1623455802018385920
1623455802446196736
1623455802706259972
1623455803528327170
1623455803645779968
1623455803918401539
1623455804346224641
1623455804841152512
1623455805151526912
1623455806728593410
1623455808863469569
1623455809329061889
1623455809933049856
1623455810767683590
1623455812860645378
1623455813913444352
1623455813938601985
1623455814618083329
1623455815205277696
1623455815402418180
1623455815654047747
1623455814265757698
1623455817008840705
1623455817088524288
1623455817105084417
1623455818258714626
1623455818460045313
1623455820435574786
1623455821328957441
1623455821177802753
1623455821341532160
1623455822188802050
1623455822729871360
1623455823216386049
1623455823627444227
1623455824210427904
1623455824420171776
1623455824940269568
1623455825279979522
1623455826819313664
1623455827331014656
1623455827532316675
1623455827603628033
1623455827993718785
1623455828765478912
1623455829033885696
1623455829340082176
1623455829692383234
1623455830552248321
1623455831693103104
1623455831579856897
1623455832339005440
1623455832951394305
1623455832984928258
1623455833484050433
1623455834549420034
1623455834507468800
1623455834507460609
1623455835585392640
1623455835509649409
1623455835891417093
1623455836042559488
1623455836327538689
1623455836600438785
1623455837770645504
1623455839028940800
1623455840035549185
1623455840803123200
1623455841667153922
1623455842040434688
1623455842334027781
1623455842409549825
1623455842472448001
1623455843365818368
1623455843621703682
1623455843948843008
1623455844087255042
1623455844703834113
1623455847518179328
1623455847346053121
1623455848050876417
1623455848705191936
1623455848805859328
1623455849225281538
1623455849992843264
1623455850198347776
1623455850357747712
1623455850475175936
1623455851209162754
1623455850215116801
1623455851490213889
1623455851486003201
1623455851372740608
1623455851582464000
1623455851846553602
1623455849837625344
1623455852265963520
1623455852811395072
1623455852937220097
1623455854174564354
1623455854304579584
1623455854468161536
1623455854786928642
1623455854786916353
1623455854673661953
1623455852165464065
1623455854933704704
1623455855256698881
1623455855906590721
1623455856514793473
1623455856636600321
1623455857479663617
1623455857513222145
1623455858259640321
1623455858494685184
1623455858708582401
1623455859392266244
1623455859450998784
1623455859761360898
1623455860319199232
1623455860319211521
1623455860449222656
1623455860591833089
1623455861585887233
1623455862047272963
1623455862428946432
1623455862688997376
1623455864085708800
1623455864358334464
1623455865067163648
1623455865293672450
1623455866530979841
1623455866681954305
1623455866719698945
1623455868485513216
1623455868774932481
1623455869425025028
1623455870851088384
1623455871136309249
1623455871052431360
1623455871815782402
1623455873032130560
1623455873225068545
1623455873631928320
1623455874286235648
1623455875821350913
1623455876664401922
1623455876677005312
1623455877117124608
1623455877394202624
1623455876005904384
1623455878484754434
1623455878602162176
1623455878786740224
1623455879109672961
1623455879168421889
1623455879663333376
1623455880237977601
1623455880703512578
1623455881336868866
1623455881680781313
1623455881798225920
1623455883014578177
1623455883090096128
1623455883220090881
1623455883056529408
1623455883543060481
1623455883694063617
1623455884268679170
1623455885866713088
1623455885782810626
1623455886147735553
1623455886206459904
1623455884218339329
1623455886462316544
1623455886592348160
1623455887032733697
1623455887204700160
1623455888957906945
1623455889385746432
1623455889981345794
1623455889872257024
1623455891394797570
1623455891013132290
1623455891428364288
1623455891659051009
1623455892128796674
1623455892992851968
1623455893416460290
1623455893399699457
1623455894091739136
1623455894326640642
1623455894402142208
1623455893873627136
1623455895278751744
1623455895169691648
1623455895597219842
1623455894926401538
1623455896658665472
1623455896721580032
1623455896457314304
1623455896922914817
1623455897820495873
1623455898172801025
1623455898680311808
1623455899896655872
1623455900618076160
1623455900915875842
1623455901163323393
1623455902841069569
1623455903042408448
1623455903319203840
1623455903365332992
1623455903784570880
1623455904271323136
1623455904640409602
1623455905605095426
1623455905470881792
1623455906162970624
1623455906276196352
1623455906343309312
1623455906657882112
1623455907232481280
1623455907677097985
1623455908549521408
1623455908947955712
1623455909489025024
1623455909761646593
1623455909975572481
1623455909904265216
1623455910231416832
1623455910210469889
1623455910382428160
1623455910902513664
1623455910923501569
1623455911498096640
1623455912357937153
1623455912538288130
1623455913117122562
1623455913372946434
1623455913511358464
1623455913997901826
1623455914346037249
1623455914950037504
1623455915587551232
1623455916279607296
1623455915864387584
1623455916959072257
1623455917898358784
1623455917730586625
1623455918326431744
1623455920574570498
1623455920607969281
1623455921077886976
1623455921442820096
1623455922470391808
1623455923527372802
1623455923514531841
1623455924420747266
1623455924466900993
1623455925012148225
1623455925515481089
1623455925741944836
1623455925859393538
1623455926203174914
1623455926400462848
1623455926404648961
1623455926605979648
1623455926379479040
1623455927096713217
1623455927407095808
1623455927696498693
1623455927834927104
1623455927767805954
1623455928036241410
1623455928757673984
1623455929332293632
1623455929307131905
1623455930288578561
1623455931056160768
1623455931131650050
1623455931823685632
1623455931890798594
1623455932029214720
1623455932847104001
1623455932972924929
1623455933606268929
1623455933744709633
1623455934847803393
1623455935124611073
1623455935506313216
1623455935686651904
1623455935749570561
1623455935716012036
1623455936496152578
1623455936718450689
1623455937242726400
1623455937318252547
1623455937624416256
1623455938090000385
1623455938056425474
1623455939247624192
1623455939461545985
1623455940422025216
1623455940598202368
1623455941332193280
1623455939763515394
1623455941583835136
1623455942238158850
1623455942515003393
1623455943823605760
1623455943848787968
1623455944188338177
1623455945044131843
1623455943739703297
1623455946998677504
1623455948529602560
1623455948668043265
1623455949712408577
1623455950190559232
1623455951348207618
1623455952530993154
1623455952757481472
1623455952946208769
1623455953407594497
1623455954561015808
1623455955710275584
1623455956142268416
1623455955328577537
1623455956746240000
1623455957312487424
1623455957564129281
1623455958117793793
1623455958210084864
1623455958235250688
1623455958671429632
1623455959023493120
1623455959095058432
1623455959183130624
1623455959405436928
1623455960139452416
1623455960567267331
1623455962093981696
1623455962802851840
1623455962899283968
1623455963109007360
1623455963264217089
1623455964056674304
1623455964560240640
1623455964543459328
1623455965206167554
1623455965864689666
1623455967395581954
1623455967395594240
1623455967685017600
1623455967752101888
1623455968578375680
1623455969295630336
1623455969572425728
1623455969463377920
1623455971027853312
1623455971153682433
1623455971199848449
1623455971103367168
1623455971489239041
1623455971564736512
1623455971887714304
1623455971946397696
1623455973343105024
1623455974081335296
1623455975276679171
1623455976799215616
1623455976941817857
1623455977893945344
1623455979135467521
1623455979437432832
1623455979638763521
1623455981123563520
1623455981421334528
1623455981517824000
1623455982444584962
1623455983967010816
1623455984093106177
1623455982864175104
1623455986798428161
1623455987477934081
1623455987582791681
1623455988119670786
1623455988220313600
1623455988677509120
1623455989075943425
1623455989948362752
1623455990741082116
1623455990686355457
1623455990908850176
1623455991043088384
1623455992284590081
1623455992498499584
1623455992808882176
1623455993681309696
1623455993077317633
1623455994725675008
1623455995929448449
1623455996113985536
1623455996327923712
1623455997401391105
1623455997129031682
1623455998550876160
1623455998764523525
1623456000153108483
1623455997858844674
1623456000828387328
1623456001407201283
1623456001864376320
1623456002359296000
1623456002669674497
1623456003655364608
1623456003978334208
1623456005437931521
1623456006813491200
1623456006914326530
1623456008650764288
1623456008956944385
1623456009304809473
1623456009414148097
1623456010093600768
1623456011091574786
1623456011276386306
1623456011905540096
1623456011800707076
1623456012337553409
1623456012278833152
1623456012660518912
1623456012773789696
1623456013323214848
1623456013335638019
1623456013490995200
1623456014073987075
1623456014543761408
1623456014615064576
1623456014791245824
1623456016053735424
1623456016720625666
1623456016791916544
1623456017018404864
1623456017119088641
1623456018016632833
1623456018146684930
1623456018410930177
1623456019413372930
1623456019434332161
1623456020373860352
1623456020688420865
1623456020831047680
1623456020986216450
1623456021099192320
1623456021435011073
1623456021757988865
1623456023267921921
1623456024060649473
1623456024412975104
1623456024719130624
1623456025105031170
1623456025209876481
1623456025423540225
1623456026552074240
1623456027558674433
1623456028259155968
1623456028158484480
1623456028489826306
1623456028573732864
1623456028489818112
1623456028800217088
1623456028896694272
1623456029613920257
1623456030578573313
1623456030540840961
1623456030696013824
1623456030884503553
1623456031375515649
1623456031442604032
1623456033254539265
1623456033493635074
1623456034458333184
1623456035074891776
1623456035683078144
1623456035687239680
1623456035985059840
1623456035989245955
1623456036446425088
1623456037364961282
1623456037520179200
1623456037616652291
1623456038086377472
1623456039126577152
1623456039512457217
1623456039415984132
1623456039864795139
1623456040238092288
1623456040493936640
1623456040804286464
1623456040703660035
1623456040921726977
1623456041097920512
1623456042402316290
1623456042767245314
1623456044063297536
1623456044369448960
1623456044705021954
1623456045204144130
1623456046265298945
1623456046617628673
1623456047011880961
1623456047645224961
1623456048060276740
1623456048261783553
1623456048119152640
1623456048471490562
1623456048848969728
1623456050266636288
1623456050270851075
1623456050572845058
1623456053664038914
1623456053890547712
1623456054888775680
1623456055438221312
1623456055396016132
1623456056339992577
1623456057577312256
1623456058047074305
1623456058625921024
1623456058743328770
1623456059141791744
1623456060349767680
1623456060358156290
1623456060622409729
1623456061352202240
1623456061343817729
1623456061427712001
1623456061452869634
1623456062635659264
1623456064258670593
1623456064304979968
1623456065223540740
1623456065236140032
1623456065743650819
1623456066238558208
1623456066112569344
1623456066267938817
1623456066435686400
1623456066376970241
1623456066762850305
1623456066829959169
1623456065349382145
1623456067936985089
1623456068885176321
1623456069174579202
1623456069295955968
1623456069782732800
1623456070948749313
1623456071775047682
1623456071867146240
1623456071829553154
1623456072160931841
1623456072580337664
1623456072806862849
1623456073167552512
1623456073255649280
1623456074291634177
1623456074484580353
1623456075696717824
1623456075797381122
1623456075990323200
1623456076183248899
1623456077047279616
1623456077189898242
1623456078322360320
1623456078376886272
1623456078339145728
1623456078406221824
1623456078544654337
1623456078783721472
1623456079752601601
1623456079786168320
1623456080490827776
1623456080771825664
1623456080851509249
1623456080666988544
1623456081656545280
1623456082009145344
1623456082101415937
1623456082302734337
1623456082432770049
1623456082894143488
1623456083489730560
1623456083619762176
1623456083741138946
1623456083854622720
1623456083993059328
1623456084387332096
1623456084995481600
1623456085272059908
1623456087470116864
1623456088086700036
1623456089009438721
1623456089026207746
1623456089965748224
1623456090120916995
1623456090179633153
1623456090909470720
1623456090972385280
1623456091576356864
1623456091333083140
1623456093165977600
1623456093535076352
1623456093879037953
1623456094088732674
1623456094239756289
1623456095061819392
1623456095187636227
1623456095359627264
1623456096248827904
1623456096596918277
1623456097372876802
1623456097788116992
1623456098467590144
1623456098513719299
1623456099172220930
1623456099998523393
1623456100195659778
1623456100094992386
1623456100879302656
1623456100929634304
1623456101311315969
1623456102309593089
1623456102779359235
1623456102661918720
1623456102724833281
1623456103483973632
1623456103487897600
1623456103974703105
1623456103861452800
1623456104142495744
1623456104528371712
1623456104561913856
1623456104901668864
1623456105174306816
1623456105342042115
1623456104385748994
1623456106138959872
1623456106055106560
1623456106138722305
1623456107078488065
1623456109288648705
1623456109184045056
1623456109532176384
1623456109616046080
1623456109712531457
1623456109775421440
1623456110245199872
1623456110522032128
1623456110584926208
1623456111042113536
1623456111918727168
1623456112229109760
1623456112384307200
1623456112652722176
1623456113864900608
1623456114171076608
1623456114376577026
1623456116171763712
1623456116264042500
1623456116280786944
1623456118080159747
1623456118201516032
1623456119405576194
1623456119925661696
1623456120215052289
1623456121724993536
1623456121779548161
1623456123666976768
1623456124715532290
1623456124958834688
1623456125508292608
1623456125852188675
1623456125764108288
1623456126133231618
1623456126456180737
1623456126963691521
1623456127995486208
1623456128804999168
1623456129241198592
1623456129371213824
1623456129417359365
1623456129413152768
1623456128117141505
1623456131137048576
1623456131397095424
1623456131711639553
1623456132290482176
1623456132286283776
1623456132651155458
1623456132915408896
1623456133531987968
1623456134471249921
1623456134618292224
1623456135054340097
1623456134412767232
1623456135633326080
1623456136098877443
1623456136006606850
1623456136275034113
1623456136417660928
1623456136392507392
1623456136967118848
1623456138074419201
1623456138057646080
1623456138833584131
1623456139127160834
1623456140469194753
1623456140926521346
1623456141807337472
1623456142105145345
1623456142272901120
1623456143434743808
1623456143917072384
1623456142876704768
1623456144080654336
1623456145015996416
1623456144919351297
1623456147259924480
1623456147641622528
1623456147704512514
1623456147842953219
1623456148811833345
1623456148971212801
1623456149529042945
1623456150162386945
1623456145758380032
1623456150489542657
1623456150627958784
1623456150837686272
1623456150997061633
1623456151349391365
1623456151399698432
1623456151554887680
1623456151894626304
1623456152385392640
1623456152586686464
1623456153492688896
1623456153563983874
1623456151978532864
1623456154407014400
1623456154516086784
1623456154767745024
1623456154700640258
1623456155258478592
1623456156218966018
1623456156244152322
1623456156474826752
1623456156307058690
1623456156835549185
1623456156906668032
1623456157414342656
1623456157405954048
1623456157573730305
1623456157900894209
1623456158513270784
1623456159335329792
1623456159377264641
1623456159603597314
1623456159918358528
1623456159951884289
1623456161067589632
1623456161428279296
1623456161944190977
1623456161629614080
1623456162145525760
1623456162124537857
1623456162892124160
1623456163613511681
1623456163965677569
1623456164309798912
1623456164712419328
1623456165157031936
1623456165568081923
1623456165639380992
1623456165798764544
1623456166796984321
1623456167560384514
1623456167744663552
1623456167778463745
1623456168285986816
1623456168348909568
1623456168445112323
1623456168512311298
1623456169158402049
1623456170496368640
1623456170584469504
1623456171008090114
1623456171091955712
1623456171138125825
1623456171557531650
1623456172052459521
1623456172673204225
1623456174371901440
1623456174552256512
1623456174766170112
1623456175839928320
1623456176355819520
1623456176473243650
1623456177010143232
1623456177890922498
1623456178201321473
1623456178788532226
1623456179686105090
1623456180545912832
1623456180814352384
1623456180986331138
1623456181175078912
1623456181862924288
1623456182596780032
1623456184249495552
1623456184715087872
1623456185214201858
1623456185889464321
1623456185935597570
1623456186451517442
1623456186812231681
1623456186766102528
1623456187437154305
1623456187621724162
1623456188083109888
1623456188036968449
1623456188141809665
1623456187881779200
1623456188737413122
1623456188989071360
1623456189093928960
1623456189114904578
1623456189794385921
1623456189760811008
1623456190155096064
1623456190599507969
1623456190771646464
1623456190662578176
1623456190792613889
1623456191077814275
1623456191241412608
1623456191895715840
1623456192017350658
1623456192323522560
1623456192927498241
1623456193023823875
1623456193204346881
1623456193615388673
1623456193489547264
1623456193611202561
1623456194424868867
1623456194697494529
1623456194777214977
1623456195024670722
1623456195293114370
1623456195758653440
1623456196270358529
1623456195557335040
1623456197478354944
1623456197520277505
1623456198107471875
1623456200263368706
1623456200447922180
1623456200582127616
1623456200946769921
1623456201337102336
1623456201605259265
1623456202041737216
1623456202050125827
1623456202129608705
1623456202205319170
1623456202834481152
1623456203161616384
1623456203455049729
1623456204549931008
1623456204805771264
1623456205090988032
1623456205640445952
1623456205615271937
1623456206038900738
1623456206017933312
1623456206164725761
1623456206286372865
1623456207632736258
1623456207729213441
1623456208136069120
1623456208559693828
1623456209222397952
1623456209679548416
1623456210661015552
1623456211474743298
1623456212141629441
1623456212846268416
1623456213408288768
1623456213609644033
1623456213991309313
1623456214033240065
1623456214247170049
1623456214922440704
1623456215199285248
1623456215107010560
1623456215513829377
1623456215509663744
1623456215446732801
1623456215853588480
1623456216193339392
1623456216419815424
1623456216554012673
1623456216893751296
1623456217480966145
1623456217535512577
1623456217938161665
1623456219238387713
1623456219246788608
1623456220542812161
1623456220702208001
1623456221167755264
1623456221360697344
1623456221381689346
1623456221759164416
1623456222249906176
1623456222891626498
1623456224615485440
1623456224493834240
1623456225315942401
1623456225798283264
1623456225752137729
1623456225731153920
1623456226045726723
1623456226511294464
1623456227480182784
1623456227606036482
1623456227828310016
1623456228063215617
1623456230046932992
1623456230462091264
1623456231326375936
1623456231414460416
1623456231586398209
1623456231854858242
1623456232328810496
1623456232869691393
1623456233478066178
1623456233377378305
1623456233523904513
1623456233809223680
1623456235000565761
1623456235843633154
1623456235986255872
1623456235877171201
1623456235210039297
1623456236212731904
1623456236661518337
1623456237143879681
1623456237223559169
1623456237596848128
1623456237944987648
1623456238200823810
1623456238381191168
1623456239366832128
1623456239735943168
1623456240050503681
1623456240872595457
1623456241518518274
1623456242013458433
1623456242852327425
1623456242898468864
1623456244085460992
1623456244261617664
1623456244370636800
1623456244467105793
1623456246291656705
1623456246253903872
1623456246241333249
1623456246430044160
1623456248795652096
1623456249621917696
1623456251819732994
1623456252260130816
1623456252528562176
1623456253107404800
1623456253103190016
1623456253543583744
1623456251467403265
1623456254713790465
1623456254768349184
1623456255833681922
1623456256240541696
1623456256450260992
1623456256429260801
1623456256257130496
1623456257045860352
1623456257125519361
1623456257335255040
1623456257477849090
1623456257557544960
1623456258270298117
1623456257029074944
1623456259952500738
1623456260120264706
1623456260833300480
1623456261013487617
1623456261667962880
1623456261831532544
1623456261898661889
1623456262586507265
1623456262884311040
1623456263073054720
1623456263039516672
1623456263895121920
1623456264247447552
1623456264620544000
1623456265077932033
1623456265052782594
1623456265094721537
1623456265434464256
1623456265572847618
1623456266080378880
1623456266545942529
1623456266910826496
1623456268370464770
1623456268752138240
1623456269679075328
1623456270480199681
1623456270891245569
1623456271025463297
1623456271075794944
1623456270987718656
1623456271377780738
1623456271465877505
1623456271725924353
1623456271637819392
1623456272636055552
1623456273898553348
1623456273802104835
1623456274070511617
1623456274422841344
1623456272476676096
1623456275135881218
1623456274578051072
1623456274502553601
1623456275563438080
1623456275643371520
1623456275622408193
1623456276423532544
1623456277488877570
1623456277983793152
1623456278420013056
1623456278726193152
1623456278721994752
1623456278940090371
1623456279028207618
1623456278952677377
1623456279883825153
1623456280043216897
1623456280550707200
1623456281259560962
1623456281565728768
1623456281934839808
1623456281800642560
1623456281817399296
1623456282580774913
1623456282454917121
1623456283549659136
1623456283239088129
1623456284514340865
1623456284958937088
1623456285449687041
1623456285512585216
1623456285965561856
1623456288511496193
1623456289547517952
1623456289874403330
1623456290252136450
1623456290600255489
1623456290621231104
1623456290856124417
1623456290889662466
1623456290919022595
1623456291053273088
1623456291489193988
1623456291594305536
1623456291816603648
1623456292160573443
1623456292638707714
1623456292630327296
1623456293007798272
1623456293871837184
1623456293783744514
1623456294337388544
1623456294702297088
1623456295385989121
1623456296191266817
1623456296249982977
1623456296417775618
1623456296610729984
1623456297009184768
1623456297546051586
1623456298040975361
1623456298216857602
1623456298309386240
1623456298313584641
1623456298544283651
1623456298896625664
1623456299152470018
1623456300016484353
1623456300201025536
1623456301169934337
1623456301639684099
1623456302591799298
1623456302671482880
1623456302927331328
1623456303032188929
1623456303367733248
1623456303812333571
1623456305276153857
1623456305439703040
1623456305624100865
1623456305783648256
1623456305766866944
1623456305926242306
1623456306043707392
1623456306479919104
1623456306685411331
1623456306970361856
1623456307201335300
1623456307356536833
1623456307754983426
1623456308107296768
1623456308774211584
1623456309348831232
1623456309776621568
1623456310292512769
1623456310141526017
1623456311353704450
1623456311592755202
1623456311873769474
1623456311894474753
1623456312729440256
1623456313140465664
1623456312360316930
1623456313438273537
1623456312611979264
1623456313803145216
1623456315208245248
1623456315355054081
1623456315619278851
1623456315967406080
1623456316072280064
1623456316202287105
1623456317318004737
1623456317804515330
1623456318068760577
1623456316974059520
1623456318261698561
1623456319289323520
1623456319327051776
1623456321654894593
1623456322175000576
1623456322716057600
1623456323223576577
1623456323185823745
1623456323244556289
1623456323496181760
1623456323798188033
1623456324104384512
1623456324507029504
1623456324469293057
1623456325324926977
1623456325421391875
1623456325463343104
1623456326105063425
1623456326037942273
1623456326906150912
1623456326226673664
1623456327979925506
1623456327094743040
1623456328382578688
1623456328936214528
1623456327908589568
1623456330043494401
1623456330332741634
1623456330664259584
1623456330693627905
1623456330890760192
1623456330894741505
1623456331364720640
1623456331641556992
1623456331704279042
1623456331620569088
1623456331909984256
1623456333226975234
1623456333537382400
1623456333759660032
1623456333919059968
1623456333998743553
1623456334208450561
1623456334464311298
1623456335022145538
1623456335668084736
1623456336666132480
1623456336934739968
1623456337131880448
1623456337601482753
1623456338058833920
1623456338134069249
1623456338398564352
1623456338704728067
1623456339547791360
1623456337995636736
1623456339761709057
1623456341397504002
1623456341519122432
1623456341431033856
1623456341682708480
1623456342056005636
1623456342785794049
1623456343175884800
1623456343150723072
1623456343381389312
1623456342651600896
1623456344396406784
1623456344404815872
1623456344979406848
1623456345373675520
1623456345642127360
1623456345830862849
1623456345780371456
1623456346065752064
1623456346212532224
1623456346443251712
1623456348716531713
1623456350171971584
1623456350201344000
1623456350180372482
1623456350817906689
1623456351556075521
1623456351631577088
1623456350536888321
1623456351602065412
1623456351786770432
1623456352164261888
1623456352319459328
1623456353015721985
1623456353569349632
1623456353783283712
1623456354399846400
1623456354311766017
1623456355121254403
1623456356287250432
1623456357042233345
1623456358166335488
1623456358862553088
1623456358808043521
1623456358610751489
1623456358904528897
1623456359365615616
1623456358787063808
1623456360024412160
1623456360749998081
1623456360544497664
1623456360779362306
1623456361093922817
1623456362746515457
1623456363736363008
1623456363748921344
1623456364189331457
1623456364566806528
1623456364688470016
1623456366131294210
1623456367238602752
1623456367599300608
1623456368194887680
1623456368865972225
1623456368958271489
1623456368660459522
1623456369142816770
1623456370354950145
1623456370585399297
1623456370908594177
1623456371319668736
1623456371516796928
1623456372099620865
1623456372812820481
1623456373060276225
1623456373026750464
1623456373307760642
1623456374402449408
1623456375048388609
1623456375543312387
1623456375904043009
1623456375979532290
1623456376092753922
1623456376566714369
1623456376688111616
1623456376784834561
1623456377124573184
1623456377246195713
1623456379771170816
1623456379863453696
1623456379762798592
1623456380282863616
1623456380186406914
1623456381633433602
1623456381696352256
1623456381897682945
1623456382853980163
1623456384540102658
1623456384497975296
1623456386465284096
1623456386280738817
1623456385236373505
1623456386595319810
1623456386981179395
1623456388155588608
1623456388268855297
1623456388721811458
1623456388738617345
1623456389103521792
1623456389401280512
1623456389971718146
1623456390642810881
1623456390856724481
1623456390894460930
1623456390546362372
1623456391041101825
1623456391112556548
1623456391066443778
1623456391037071361
1623456391490060289
1623456391615680512
1623456392031121410
1623456392052109312
1623456393331380225
1623456393511706624
1623456394350571520
1623456392102440960
1623456395487219713
1623456395839569920
1623456396678410240
1623456397458571265
1623456397542445057
1623456398481973248
1623456398444208129
1623456398611972097
1623456398410383360
1623456398989303811
1623456399140462593
1623456399446675456
1623456399476031488
1623456399685722113
1623456399803154433
1623456399836737536
1623456400079994881
1623456402219102209
1623456402940497922
1623456403515113472
1623456404081348608
1623456405339656193
1623456405330984960
1623456406316912640
1623456406321139713
1623456406539235328
1623456407025754112
1623456406136557569
1623456408107905024
1623456407860412416
1623456408523132930
1623456408737030146
1623456409190043656
1623456409261322242
1623456410146328576
1623456410314117122
1623456410137939970
1623456411425570816
1623456410691584001
1623456411949862913
1623456412272857090
1623456412805517313
1623456412893589507
1623456413459820544
1623456414315474944
1623456414508408833
1623456415271747584
1623456415615700992
1623456415598755840
1623456415770877952
1623456415863177216
1623456416362299394
1623456415871279105
1623456416743968768
1623456417431842816
1623456418685919232
1623456418413047808
1623456419927453697
1623456419801628672
1623456420573380608
1623456420682436609
1623456420908924928
1623456421127028739
1623456421206708224
1623456421542256642
1623456421626138624
1623456421693243392
1623456422066540544
1623456423001882624
1623456423211577344
1623456424327266305
1623456424784433153
1623456425006739456
1623456425874976770
1623456426999037953
1623456427431038977
1623456427598831617
1623456427703693316
1623456428995518465
1623456430669053954
1623456431528886273
1623456431851835392
1623456432728457216
1623456432950763521
1623456433265315840
1623456433273724928
1623456433604886528
1623456434049683458
1623456435375050752
1623456436511715328
1623456436528496641
1623456437451251712
1623456438113964034
1623456438319480833
1623456438709530624
1623456439233826816
1623456439900700673
1623456440282394624
1623456440580190209
1623456438990548993
1623456440555032576
1623456440999624705
1623456441511329792
1623456441632686080
1623456442253742080
1623456442421485570
1623456442459238400
1623456442551517184
1623456442677354497
1623456442769641472
1623456442618638338
1623456442807361537
1623456443180670976
1623456443415539715
1623456443755282432
1623456443931447297
1623456443730112512
1623456443981791232
1623456444002729984
1623456444434776065
1623456444405387265
1623456444778688513
1623456445890191360
1623456446288658432
1623456446531919874
1623456446628364288
1623456446880038913
1623456446892613633
1623456446976507905
1623456447005863936
1623456447941206018
1623456446750007297
1623456448259948544
1623456448788176898
1623456448935067648
1623456449358872577
1623456449459527681
1623456449665044480
1623456449803452418
1623456450285817857
1623456450856239106
1623456451057561600
1623456451439259652
1623456452596895744
1623456452647223296
1623456453011931136
1623456454580781059
1623456454681464833
1623456455159595008
1623456455226703872
1623456455549657088
1623456456023613440
1623456456279465985
1623456456472424449
1623456456552103936
1623456456937967617
1623456457458081795
1623456457785221120
1623456457680379904
1623456458078826498
1623456459584307202
1623456461472014337
1623456461350383618
1623456462117957633
1623456462789033984
1623456462856146945
1623456463187496960
1623456463795650560
1623456463963447298
1623456463988613123
1623456464181538816
1623456464395440130
1623456464915566592
1623456465188196353
1623456465108488192
1623456465821528065
1623456466027048960
1623456466912022529
1623456467490848768
1623456467562151936
1623456468908515328
1623456470129057793
1623456470309429249
1623456470259097604
1623456472616284161
1623456473014751232
1623456473404809216
1623456473803259904
1623456473715216388
1623456474310778882
1623456474323365889
1623456475707486208
1623456475732668416
1623456476688953344
1623456477108375552
1623456477137735682
1623456477418496000
1623456477322305536
1623456477532016641
1623456476407926785
1623456479146815488
1623456479624974339
1623456480237129729
1623456480614817793
1623456480841064449
1623456480992296962
1623456482426753024
1623456483131408384
1623456483810873344
1623456484498743301
1623456484305825792
1623456484322578432
1623456485350203394
1623456485534474241
1623456485434073089
1623456483567636482
1623456486226817024
1623456486428123137
1623456487610933248
1623456488982458368
1623456489955528704
1623456490341425154
1623456491238993920
1623456491696181248
1623456492186906625
1623456492497293312
1623456491415150593
1623456493029957632
1623456493021560832
1623456493486972929
1623456493625565184
1623456494737059840
1623456495731105796
1623456495823380480
1623456496129568768
1623456495881883652
1623456496829992960
1623456497081675776
1623456497358315522
1623456497572409344
1623456497622745090
1623456497752584194
1623456498365124608
1623456498537082881
1623456499048792065
1623456500147703809
1623456500944633856
1623456501250801664
1623456500990771200
1623456502987251712
1623456503406665729
1623456503658348545
1623456503901593602
1623456503939072000
1623456504325210113
1623456505168265217
1623456507940728835
1623456508427255808
1623456508527906818
1623456508666150913
1623456508951535616
1623456509412921345
1623456509500993537
1623456509635219457
1623456510469865472
1623456510574735361
1623456510922874880
1623456510914478080
1623456511585587200
1623456512160194561
1623456512357068802
1623456512567046145
1623456513099718656
1623456513598844929
1623456513347186689
1623456514030841856
1623456513993109504
1623456513690857472
1623456514626428928
1623456514894860288
1623456515293331456
1623456516148977664
1623456516585193472
1623456517247868928
1623456518501961728
1623456518564888576
1623456519210557440
1623456519433097216
1623456520020320258
1623456520288731137
1623456520599142400
1623456521073074176
1623456520993382400
1623456521421205504
1623456522000007168
1623456522180374528
1623456522276679680
1623456524348837890
1623456524046594048
1623456524818599936
1623456526051729409
1623456526525673474
1623456527435591680
1623456527859453952
1623456527930769409
1623456528836730880
1623456528970973187
1623456529268768768
1623456528673177600
1623456529486848001
1623456529914671105
1623456531609186304
1623456531781156864
1623456532280254464
1623456532347367424
1623456532473212928
1623456533035220992
1623456533135892480
1623456533874089987
1623456533932814337
1623456533987364866
1623456533966360576
1623456534318694400
1623456534821994496
1623456535186706433
1623456537078562816
1623456538676596736
1623456539398000640
1623456539536416768
1623456539716759553
1623456540459139072
1623456541801328640
1623456542128472064
1623456542455652353
1623456543474880512
1623456544489873408
1623456544493826049
1623456544821252097
1623456544997408769
1623456545139994626
1623456545047740416
1623456545806913536
1623456546180022274
1623456546234728448
1623456546339577858
1623456546452819969
1623456546637357056
1623456546792566785
1623456547014868992
1623456546305806337
1623456547715297280
1623456547195224065
1623456548180877312
1623456548092780548
1623456544426786816
1623456548528992256
1623456548923244544
1623456549023911936
1623456549086822400
1623456549837631489
1623456549908918272
1623456550177353730
1623456551079133184
1623456552182226944
1623456552446492673
1623456552668520449
1623456553058848769
1623456553432150017
1623456553511829504
1623456553562157056
1623456553847394307
1623456561069948929
1623456561585704960
1623456561728479233
1623456562122723330
1623456562642841600
1623456564744159235
1623456564731609091
1623456565624979456
1623456565759193088
1623456566304464896
1623456566824534018
1623456567361417218
1623456568456146945
1623456568745529345
1623456569559236609
1623456569676677120
1623456569966088194
1623456570410692610
1623456571119509504
1623456571207606275
1623456571341807616
1623456572201644032
1623456572793061377
1623456573627723776
1623456573975838722
1623456574449807361
1623456575041196033
1623456575552880640
1623456575896821761
1623456576009904128
1623456576731488259
1623456577016696832
1623456577008328704
1623456577213837312
1623456577264160769
1623456577335468032
1623456577541013504
1623456577633021953
1623456577847181312
1623456577801048065
1623456577993998339
1623456578203693057
1623456578652233728
1623456579386482688
1623456579453591553
1623456581202354176
1623456581752082433
1623456582339268609
1623456582247014400
1623456583140413440
1623456583199109120
1623456583748395009
1623456583954075648
1623456584147038209
1623456584763584513
1623456584583221248
1623456584893632513
1623456585078169603
1623456585656995840
1623456585845538817
1623456586013503490
1623456584700678145
1623456587909300225
1623456588379062273
1623456588702052356
1623456589029191683
1623456589440229376
1623456589788348416
1623456589930983424
1623456588622348288
1623456589951938561
1623456590404923392
1623456590472040450
1623456590757249025
1623456590627221504
1623456591977779200
1623456592183324672
1623456592338505730
1623456592825040899
1623456593626144769
1623456593454182400
1623456594532114432
1623456594716688384
1623456594901221380
1623456595115118592
1623456595253526531
1623456596511817728
1623456596419547137
1623456597161971712
1623456598093078530
1623456598298615808
1623456598407663616
1623456598864842752
1623456599158452224
1623456600131268608
1623456600135712769
1623456601263984640
1623456601482100737
1623456602568421378
1623456603084312576
1623456603596034051
1623456603918966784
1623456604858503171
1623456605336653824
1623456606167105537
1623456606196486144
1623456606460710912
1623456606796255233
1623456607156961281
1623456607181971457
1623456607475765248
1623456607979048961
1623456606448136193
1623456608369147904
1623456608662482945
1623456609006678017
1623456609291870208
1623456609610653696
1623456610264969217
1623456610738905089
1623456610545811458
1623456611200299010
1623456611414216704
1623456611590103042
1623456612223692802
1623456612366311424
1623456612735397888
1623456612903186433
1623456612966092800
1623456613079339008
1623456613205180418
1623456614442500096
1623456615222640640
1623456615256182785
1623456614958211072
1623456616690376704
